1 7864.174576  11172.715119  140.028590  428.608216
2 7794.738228  11457.423374  140.213150  429.075587
3 7626.192484  9060.132870  141.163233  428.608216
4 7784.643927  9060.095861  190.756926  429.115377
5 7621.196278  9060.095861  141.163233  428.923632
6 7622.305142  9060.095861  141.163233  428.608216
7 7793.281457  9060.132870  196.162296  429.075587
8 7622.964621  9060.095861  190.756926  429.041211
9 7620.029422  9060.095861  140.026045  429.075587
10 7796.546568  9060.095861  141.163233  428.608216
