1 9995.000000  11550.000000  596.000000  1463.000000
2 8479.534557  9060.095861  222.240459  656.032841
3 7621.310843  8265.387357  140.213150  428.608216
4 6979.331675  7503.700016  113.664298  369.515431
5 6402.250237  7102.624514  90.431117  326.617484
6 5874.917612  6908.635911  79.631835  287.938300
7 5428.729356  6615.663683  71.552121  262.016603
8 5065.745231  6413.011703  64.312687  241.869876
9 4739.762951  6145.679690  56.229234  221.790181
10 4555.679453  6019.727971  50.537810  207.399648
11 4425.373322  5832.085543  45.641966  189.146321
12 4282.588881  5712.301532  45.305248  187.260887
13 4169.074005  5596.736552  39.645583  174.988007
14 4048.953630  5381.311375  36.622175  166.220777
15 3932.840991  5321.737734  34.110993  157.859938
